(3, 'bolt'): ([-0.84375, -0.703125, 0.53125, 0.7578125, 0.421875, 0.65625], 0.3)
(5, 'david'): ([-0.359375, -0.421875, 1.0, 1.0, 1.0, 1.0], 0.271875)
(40, 'fish3'): ([-0.25, -0.0234375, 0.7578125, 0.7734375, 1.0, 1.0], 0.25)
(144, 'GOT-10k_Val_000045'): ([-0.296875, -0.09375, 0.734375, 0.8671875, 0.5625, 0.9296875], 0.2453125)
(22, 'trellis'): ([-0.7890625, -0.6953125, 0.109375, 0.171875, 0.40625, 0.4296875], 0.24375)
(2, 'bicycle'): ([-0.8359375, -0.78125, 0.046875, 0.28125, 0.140625, 0.3359375], 0.234375)
(137, 'GOT-10k_Val_000038'): ([0.015625, 0.359375, 0.6953125, 1.0, 1.0, 1.0], 0.196875)
(1, 'basketball'): ([0.109375, 0.1875, 1.0, 1.0, 1.0, 1.0], 0.178125)
(32, 'bolt1'): ([-0.375, -0.2734375, 0.3125, 0.21875, 0.6875, 0.4765625], 0.1703125)
(62, 'octopus'): ([0.1171875, 0.4453125, 0.6484375, 0.6875, 0.8125, 0.953125], 0.1671875)
(143, 'GOT-10k_Val_000044'): ([-0.4375, -0.171875, -0.5234375, -0.3359375, 0.1796875, 0.3984375], 0.1671875)
(130, 'GOT-10k_Val_000031'): ([0.046875, 0.171875, 0.3671875, 0.40625, 0.765625, 0.8671875], 0.1640625)
(200, 'GOT-10k_Val_000101'): ([-0.140625, 0.265625, 0.3046875, 0.4765625, 0.5234375, 0.671875], 0.1625)
(17, 'skating'): ([0.21875, 0.40625, 1.0, 1.0, 1.0, 1.0], 0.15625)
(45, 'graduate'): ([0.21875, 0.296875, 0.875, 0.7578125, 0.90625, 1.0], 0.15625)
(101, 'GOT-10k_Val_000002'): ([0.2578125, 0.7578125, 0.8515625, 1.0, 0.8125, 1.0], 0.1484375)
(136, 'GOT-10k_Val_000037'): ([-0.0859375, 0.3046875, 1.0, 1.0, 0.125, 0.640625], 0.1453125)
(185, 'GOT-10k_Val_000086'): ([0.203125, 0.234375, 0.90625, 0.796875, 0.96875, 0.90625], 0.140625)
(19, 'sunshade'): ([-0.6328125, -0.640625, -0.0625, -0.15625, 0.1640625, 0.0625], 0.1390625)
(235, 'GOT-10k_Val_000136'): ([0.25, 0.328125, 0.1484375, 0.328125, 0.6796875, 0.9375], 0.1375)
(113, 'GOT-10k_Val_000014'): ([-0.0546875, 0.015625, 0.4453125, 0.5703125, 0.7109375, 0.6328125], 0.1375)
(232, 'GOT-10k_Val_000133'): ([0.3203125, 0.5859375, 1.0, 1.0, 1.0, 0.9921875], 0.134375)
(4, 'car'): ([0.3359375, 0.65625, 1.0, 1.0, 1.0, 1.0], 0.1328125)
(255, 'GOT-10k_Val_000156'): ([0.28125, 0.5546875, 0.5, 0.859375, 0.7421875, 0.9375], 0.13125)
(0, 'ball'): ([0.09375, 0.21875, 1.0, 1.0, 1.0, 1.0, 1.0, 1.0], 0.12946428571428573)
(100, 'GOT-10k_Val_000001'): ([-0.3671875, -0.046875, 0.125, 0.1015625, 0.015625, 0.265625], 0.1265625)
(178, 'GOT-10k_Val_000079'): ([0.0078125, 0.1171875, 0.4921875, 0.3984375, 0.640625, 0.6328125], 0.125)
(33, 'bolt2'): ([-0.234375, -0.1953125, 0.1953125, 0.53125, 0.2421875, 0.390625], 0.125)
(8, 'fernando'): ([-0.640625, -0.5234375, -0.3671875, -0.40625, -0.0703125, -0.0390625], 0.1203125)
(109, 'GOT-10k_Val_000010'): ([0.40625, 1.0, 1.0, 1.0, 1.0, 1.0], 0.11875)
(67, 'road'): ([-0.265625, -0.265625, -0.1171875, -0.03125, 0.171875, 0.328125], 0.11875)
(61, 'nature'): ([0.4140625, 0.5859375, 1.0, 1.0, 1.0, 1.0], 0.1171875)
(184, 'GOT-10k_Val_000085'): ([-0.390625, -0.28125, 0.015625, 0.125, 0.1875, 0.1953125], 0.1171875)
(9, 'fish1'): ([-0.609375, -0.5390625, -0.328125, -0.3828125, -0.2265625, -0.0390625], 0.1140625)
(212, 'GOT-10k_Val_000113'): ([0.4453125, 0.703125, 0.7421875, 1.0, 1.0, 1.0], 0.1109375)
(68, 'shaking'): ([-0.3359375, -0.4921875, -0.421875, -0.34375, 0.2421875, 0.203125], 0.1078125)
(6, 'diving'): ([-0.8203125, -0.7578125, -0.3046875, -0.25, 0.0234375, -0.2890625], 0.10625)
(14, 'jogging'): ([0.484375, 0.7734375, 1.0, 1.0, 1.0, 1.0], 0.103125)
(117, 'GOT-10k_Val_000018'): ([-0.1875, -0.3125, -0.0859375, -0.1953125, 0.0859375, 0.3125], 0.1)
(233, 'GOT-10k_Val_000134'): ([-0.5703125, -0.5234375, -0.390625, -0.390625, -0.15625, -0.078125], 0.0984375)
(42, 'girl'): ([0.3984375, 0.4375, 0.8671875, 0.765625, 0.875, 0.8828125], 0.096875)
(247, 'GOT-10k_Val_000148'): ([0.09375, 0.25, 0.2109375, 0.40625, 0.796875, 0.5546875], 0.0921875)
(29, 'birds2'): ([0.546875, 0.734375, 1.0, 1.0, 1.0, 1.0], 0.090625)
(44, 'godfather'): ([-0.40625, -0.1640625, 0.03125, 0.0625, 0.1171875, 0.0390625], 0.0890625)
(86, 'flamingo1'): ([0.5625, 0.6796875, 0.984375, 1.0, 1.0, 1.0], 0.0875)
(96, 'polo'): ([-0.7265625, -0.7109375, -0.546875, -0.46875, -0.2890625, -0.2890625], 0.0875)
(173, 'GOT-10k_Val_000074'): ([-0.8828125, -0.796875, -0.6015625, -0.6328125, -0.53125, -0.4453125], 0.0875)
(41, 'fish4'): ([0.015625, 0.09375, 0.375, 0.3984375, 0.34375, 0.4453125], 0.0859375)
(51, 'handball1'): ([-0.515625, -0.5390625, -0.0703125, 0.078125, 0.0234375, -0.0859375], 0.0859375)
(275, 'GOT-10k_Val_000176'): ([-0.2265625, -0.1796875, -0.03125, -0.0859375, 0.1875, 0.1953125], 0.084375)
(57, 'marching'): ([0.5859375, 0.5625, 1.0, 1.0, 0.8125, 1.0], 0.0828125)
(20, 'surfing'): ([0.40625, 0.4453125, 0.328125, 0.2734375, 0.7578125, 0.8125], 0.08125)
(76, 'tiger'): ([-0.3984375, -0.3515625, -0.328125, -0.1484375, -0.2109375, 0.0078125], 0.08125)
(234, 'GOT-10k_Val_000135'): ([-0.9296875, -0.9140625, -0.84375, -0.765625, -0.4921875, -0.5234375], 0.08125)
(18, 'sphere'): ([0.6015625, 0.5859375, 0.6328125, 0.78125, 1.0, 1.0], 0.0796875)
(126, 'GOT-10k_Val_000027'): ([-0.296875, -0.1796875, 0.046875, -0.09375, -0.0390625, 0.1015625], 0.0796875)
(265, 'GOT-10k_Val_000166'): ([0.359375, 0.46875, 0.5, 0.4375, 0.6953125, 0.7421875], 0.0765625)
(128, 'GOT-10k_Val_000029'): ([-0.0546875, 0.1015625, 0.6328125, 0.828125, 0.1953125, 0.328125], 0.0765625)
(224, 'GOT-10k_Val_000125'): ([0.4609375, 0.4140625, 0.5703125, 0.7734375, 0.8203125, 0.8359375], 0.075)
(181, 'GOT-10k_Val_000082'): ([-0.8515625, -0.8359375, -0.8203125, -0.7578125, -0.609375, -0.484375], 0.0734375)
(106, 'GOT-10k_Val_000007'): ([0.1875, 0.171875, 0.625, 0.5703125, 0.7421875, 0.546875], 0.071875)
(142, 'GOT-10k_Val_000043'): ([0.5703125, 1.0, 0.8203125, 1.0, 0.734375, 0.921875], 0.0703125)
(114, 'GOT-10k_Val_000015'): ([0.671875, 1.0, 1.0, 1.0, 1.0, 1.0], 0.065625)
(159, 'GOT-10k_Val_000060'): ([-0.0625, -0.1484375, 0.0703125, 0.078125, 0.0, 0.265625], 0.065625)
(58, 'matrix'): ([-0.921875, -0.890625, -0.6640625, -0.75, -0.6953125, -0.59375], 0.065625)
(38, 'crossing'): ([0.0390625, 0.28125, 0.5390625, 0.4609375, 0.4453125, 0.359375], 0.0640625)
(249, 'GOT-10k_Val_000150'): ([-0.1171875, -0.1953125, -0.2890625, -0.2265625, 0.359375, 0.203125], 0.0640625)
(203, 'GOT-10k_Val_000104'): ([-0.3515625, -0.3984375, -0.234375, -0.3203125, -0.0703125, -0.03125], 0.0640625)
(49, 'gymnastics4'): ([-0.671875, -0.546875, -0.5390625, -0.5, -0.203125, -0.3515625], 0.0640625)
(127, 'GOT-10k_Val_000028'): ([0.640625, 0.8359375, 1.0, 1.0, 0.765625, 0.953125], 0.0625)
(12, 'hand1'): ([-0.8984375, -0.9140625, -0.5078125, -0.65625, -0.59375, -0.5859375], 0.0625)
(73, 'soccer1'): ([-0.34375, -0.2578125, -0.015625, -0.203125, -0.09375, -0.046875], 0.059375)
(10, 'fish2'): ([-0.6640625, -0.6875, -0.6015625, -0.4765625, -0.3515625, -0.3671875], 0.059375)
(60, 'motocross2'): ([-0.6953125, -0.734375, -0.515625, -0.5390625, -0.5390625, -0.3984375], 0.059375)
(123, 'GOT-10k_Val_000024'): ([-0.3359375, -0.1875, -0.0625, -0.1015625, -0.03125, -0.0546875], 0.05625)
(23, 'tunnel'): ([-0.890625, -0.71875, -0.7734375, -0.7265625, -0.703125, -0.6171875], 0.0546875)
(227, 'GOT-10k_Val_000128'): ([0.734375, 0.9140625, 0.796875, 0.8125, 1.0, 1.0], 0.053125)
(25, 'bag'): ([0.2109375, 0.078125, 0.40625, 0.3671875, 0.40625, 0.4765625], 0.053125)
(78, 'wiper'): ([-0.171875, -0.296875, 0.03125, -0.109375, -0.015625, 0.09375], 0.053125)
(24, 'woman'): ([0.7421875, 0.9296875, 1.0, 1.0, 1.0, 1.0], 0.0515625)
(218, 'GOT-10k_Val_000119'): ([0.421875, 0.375, 0.4140625, 0.8125, 0.4453125, 0.6796875], 0.0515625)
(122, 'GOT-10k_Val_000023'): ([-0.890625, -0.890625, -0.8203125, -0.734375, -0.65625, -0.6328125], 0.0515625)
(166, 'GOT-10k_Val_000067'): ([0.015625, 0.015625, -0.2578125, -0.203125, 0.1328125, 0.265625], 0.05)
(132, 'GOT-10k_Val_000033'): ([-0.8515625, -0.8046875, -0.890625, -0.8515625, -0.5625, -0.6015625], 0.05)
(118, 'GOT-10k_Val_000019'): ([-0.421875, -0.2421875, -0.3671875, -0.09375, -0.21875, -0.1796875], 0.0484375)
(176, 'GOT-10k_Val_000077'): ([-0.9609375, -0.921875, -0.9296875, -0.8984375, -0.7578125, -0.71875], 0.0484375)
(116, 'GOT-10k_Val_000017'): ([-0.3125, -0.1953125, -0.1328125, -0.0390625, -0.0234375, -0.078125], 0.046875)
(141, 'GOT-10k_Val_000042'): ([0.2421875, 0.53125, 0.5234375, 0.7890625, 0.1640625, 0.46875], 0.0453125)
(194, 'GOT-10k_Val_000095'): ([0.4609375, 0.484375, 0.484375, 0.53125, 0.6484375, 0.6796875], 0.04375)
(30, 'blanket'): ([-0.7265625, -0.5703125, -0.5234375, -0.359375, -0.546875, -0.5078125], 0.04375)
(264, 'GOT-10k_Val_000165'): ([0.7421875, 0.8046875, 0.6796875, 0.875, 0.75, 0.953125], 0.0421875)
(64, 'pedestrian2'): ([0.2578125, 0.34375, 0.4140625, 0.296875, 0.515625, 0.4609375], 0.040625)
(131, 'GOT-10k_Val_000032'): ([0.015625, -0.1171875, -0.0234375, 0.015625, 0.1328125, 0.21875], 0.040625)
(140, 'GOT-10k_Val_000041'): ([0.625, 0.8203125, 0.703125, 0.9140625, 1.0, 0.8203125], 0.0390625)
(266, 'GOT-10k_Val_000167'): ([-0.171875, -0.171875, -0.0859375, -0.015625, -0.03125, 0.0234375], 0.0390625)
(162, 'GOT-10k_Val_000063'): ([-0.6796875, -0.65625, -0.53125, -0.5703125, -0.515625, -0.484375], 0.0390625)
(95, 'monkey'): ([-0.9609375, -0.9375, -0.8125, -0.875, -0.8359375, -0.765625], 0.0390625)
(241, 'GOT-10k_Val_000142'): ([0.8125, 0.9296875, 1.0, 1.0, 1.0, 1.0], 0.0375)
(153, 'GOT-10k_Val_000054'): ([0.75, 0.8671875, 0.9140625, 0.8828125, 0.75, 0.9375], 0.0375)
(261, 'GOT-10k_Val_000162'): ([0.6328125, 0.765625, 0.859375, 0.828125, 0.71875, 0.8125], 0.0359375)
(170, 'GOT-10k_Val_000071'): ([-0.6015625, -0.5859375, -0.390625, -0.546875, -0.5390625, -0.421875], 0.0359375)
(121, 'GOT-10k_Val_000022'): ([-0.7265625, -0.6953125, -0.65625, -0.6171875, -0.6015625, -0.546875], 0.0359375)
(236, 'GOT-10k_Val_000137'): ([-0.5703125, -0.5859375, -0.453125, -0.5, -0.390625, -0.3984375], 0.034375)
(183, 'GOT-10k_Val_000084'): ([-0.859375, -0.8203125, -0.828125, -0.6875, -0.7265625, -0.6875], 0.034375)
(31, 'bmx'): ([-0.9140625, -0.890625, -0.7890625, -0.8984375, -0.8046875, -0.7421875], 0.034375)
(225, 'GOT-10k_Val_000126'): ([0.7265625, 0.671875, 0.5078125, 0.5078125, 0.7109375, 0.890625], 0.0328125)
(244, 'GOT-10k_Val_000145'): ([-0.171875, -0.1953125, -0.2109375, -0.1015625, 0.09375, -0.0078125], 0.0328125)
(157, 'GOT-10k_Val_000058'): ([-0.6015625, -0.5546875, -0.6484375, -0.4765625, -0.4453125, -0.4453125], 0.03125)
(208, 'GOT-10k_Val_000109'): ([0.0234375, 0.0859375, 0.25, 0.265625, 0.2109375, 0.171875], 0.0296875)
(37, 'car2'): ([-0.8203125, -0.7734375, -0.796875, -0.7578125, -0.671875, -0.671875], 0.0296875)
(54, 'iceskater1'): ([0.7109375, 0.734375, 0.734375, 0.8203125, 0.8984375, 0.8515625], 0.028125)
(53, 'helicopter'): ([0.125, 0.3828125, 0.0859375, 0.1171875, 0.3125, 0.265625], 0.028125)
(182, 'GOT-10k_Val_000083'): ([-0.46875, -0.3828125, -0.5625, -0.53125, -0.34375, -0.328125], 0.028125)
(252, 'GOT-10k_Val_000153'): ([-0.890625, -0.84375, -0.9296875, -0.875, -0.7734375, -0.75], 0.028125)
(99, 'wheel'): ([-0.90625, -0.8515625, -0.8125, -0.8515625, -0.8359375, -0.765625], 0.028125)
(273, 'GOT-10k_Val_000174'): ([0.390625, 0.484375, 0.484375, 0.4140625, 0.6484375, 0.5234375], 0.0265625)
(207, 'GOT-10k_Val_000108'): ([0.3828125, 0.453125, 0.7265625, 0.6015625, 0.46875, 0.515625], 0.0265625)
(164, 'GOT-10k_Val_000065'): ([-0.140625, -0.2265625, -0.3359375, -0.171875, -0.2265625, -0.0078125], 0.0265625)
(211, 'GOT-10k_Val_000112'): ([-0.859375, -0.7890625, -0.6875, -0.6640625, -0.75, -0.7265625], 0.0265625)
(43, 'glove'): ([-0.953125, -0.9453125, -0.953125, -0.8984375, -0.8671875, -0.8203125], 0.0265625)
(149, 'GOT-10k_Val_000050'): ([-0.375, -0.453125, -0.3203125, -0.4375, -0.28125, -0.25], 0.025)
(135, 'GOT-10k_Val_000036'): ([-0.765625, -0.8125, -0.734375, -0.75, -0.734375, -0.640625], 0.025)
(125, 'GOT-10k_Val_000026'): ([-0.9296875, -0.96875, -0.8984375, -0.9140625, -0.8671875, -0.8046875], 0.025)
(168, 'GOT-10k_Val_000069'): ([0.359375, 0.4453125, 0.5390625, 0.4140625, 0.578125, 0.4765625], 0.0234375)
(110, 'GOT-10k_Val_000011'): ([-0.6875, -0.65625, -0.8046875, -0.765625, -0.5703125, -0.5703125], 0.0234375)
(129, 'GOT-10k_Val_000030'): ([-0.1640625, -0.28125, -0.0234375, 0.0234375, 0.1015625, -0.0546875], 0.021875)
(198, 'GOT-10k_Val_000099'): ([-0.5, -0.3671875, -0.375, -0.34375, -0.515625, -0.390625], 0.021875)
(88, 'zebrafish1'): ([-0.9375, -0.953125, -0.8671875, -0.9296875, -0.84375, -0.828125], 0.021875)
(79, 'ants1'): ([-0.953125, -0.9375, -0.890625, -0.875, -0.828125, -0.84375], 0.021875)
(52, 'handball2'): ([-0.59375, -0.4296875, -0.4921875, -0.390625, -0.3984375, -0.4921875], 0.0203125)
(34, 'book'): ([-0.984375, -0.9375, -0.921875, -0.921875, -0.90625, -0.8828125], 0.0203125)
(63, 'pedestrian1'): ([-0.6875, -0.5390625, -0.5546875, -0.4375, -0.5, -0.59375], 0.01875)
(145, 'GOT-10k_Val_000046'): ([-0.8515625, -0.8515625, -0.734375, -0.78125, -0.7578125, -0.7578125], 0.01875)
(267, 'GOT-10k_Val_000168'): ([-0.875, -0.890625, -0.953125, -0.921875, -0.9375, -0.78125], 0.01875)
(124, 'GOT-10k_Val_000025'): ([-0.8984375, -0.8359375, -0.8125, -0.8125, -0.8671875, -0.8046875], 0.01875)
(97, 'rabbit2'): ([-0.953125, -0.90625, -0.9296875, -0.96875, -0.9296875, -0.859375], 0.01875)
(27, 'ball2'): ([-0.9609375, -0.9609375, -0.890625, -0.828125, -0.8515625, -0.8671875], 0.01875)
(72, 'singer3'): ([-0.40625, -0.4765625, -0.453125, -0.328125, -0.390625, -0.3203125], 0.0171875)
(94, 'marathon'): ([-0.9375, -0.90625, -0.890625, -0.8671875, -0.8828125, -0.8515625], 0.0171875)
(251, 'GOT-10k_Val_000152'): ([0.1015625, 0.203125, 0.0703125, 0.0703125, 0.0, 0.1796875], 0.015625)
(274, 'GOT-10k_Val_000175'): ([-0.8515625, -0.8671875, -0.703125, -0.796875, -0.8125, -0.7734375], 0.015625)
(48, 'gymnastics3'): ([-0.875, -0.8671875, -0.8359375, -0.8359375, -0.859375, -0.796875], 0.015625)
(186, 'GOT-10k_Val_000087'): ([0.9296875, 0.9296875, 0.9609375, 1.0, 1.0, 1.0], 0.0140625)
(11, 'gymnastics'): ([-0.5546875, -0.359375, -0.6015625, -0.59375, -0.5625, -0.484375], 0.0140625)
(172, 'GOT-10k_Val_000073'): ([-0.59375, -0.5078125, -0.6875, -0.6953125, -0.7109375, -0.5234375], 0.0140625)
(179, 'GOT-10k_Val_000080'): ([-0.9921875, -0.9921875, -0.9765625, -0.9609375, -0.9453125, -0.921875], 0.0140625)
(46, 'gymnastics1'): ([-0.3046875, -0.3125, -0.375, -0.359375, -0.1640625, -0.2421875], 0.0125)
(256, 'GOT-10k_Val_000157'): ([-0.6328125, -0.59375, -0.5625, -0.3671875, -0.6640625, -0.5703125], 0.0125)
(36, 'car1'): ([-0.7265625, -0.7890625, -0.7265625, -0.734375, -0.65625, -0.6640625], 0.0125)
(258, 'GOT-10k_Val_000159'): ([-0.8828125, -0.875, -0.875, -0.8671875, -0.7734375, -0.8203125], 0.0125)
(102, 'GOT-10k_Val_000003'): ([-0.8984375, -0.796875, -0.8515625, -0.8828125, -0.875, -0.8359375], 0.0125)
(139, 'GOT-10k_Val_000040'): ([-0.921875, -0.921875, -0.7421875, -0.8125, -0.8515625, -0.859375], 0.0125)
(39, 'dinosaur'): ([-0.953125, -0.953125, -0.8671875, -0.890625, -0.828125, -0.890625], 0.0125)
(80, 'ants3'): ([-0.96875, -0.9453125, -0.890625, -0.9296875, -0.890625, -0.90625], 0.0125)
(199, 'GOT-10k_Val_000100'): ([0.4921875, 0.421875, 0.5234375, 0.5625, 0.4765625, 0.546875], 0.0109375)
(253, 'GOT-10k_Val_000154'): ([-0.578125, -0.546875, -0.5078125, -0.5234375, -0.5078125, -0.5234375], 0.0109375)
(191, 'GOT-10k_Val_000092'): ([-0.6328125, -0.59375, -0.71875, -0.6171875, -0.65625, -0.578125], 0.0109375)
(237, 'GOT-10k_Val_000138'): ([-0.953125, -0.96875, -0.9765625, -0.9765625, -0.8984375, -0.8984375], 0.0109375)
(161, 'GOT-10k_Val_000062'): ([-0.8125, -0.8046875, -0.921875, -0.890625, -0.8203125, -0.765625], 0.009375)
(156, 'GOT-10k_Val_000057'): ([-0.953125, -0.9609375, -0.9296875, -0.9296875, -0.9296875, -0.90625], 0.009375)
(160, 'GOT-10k_Val_000061'): ([-0.7265625, -0.796875, -0.734375, -0.734375, -0.640625, -0.6875], 0.0078125)
(15, 'motocross'): ([-0.765625, -0.7578125, -0.828125, -0.7890625, -0.703125, -0.7265625], 0.0078125)
(59, 'motocross1'): ([-0.7734375, -0.734375, -0.78125, -0.7578125, -0.671875, -0.734375], 0.0078125)
(26, 'ball1'): ([-0.9453125, -0.9296875, -0.8515625, -0.84375, -0.8828125, -0.90625], 0.0078125)
(90, 'ball3'): ([-0.9765625, -0.984375, -0.953125, -0.9453125, -0.96875, -0.9375], 0.0078125)
(269, 'GOT-10k_Val_000170'): ([-0.53125, -0.5234375, -0.4140625, -0.5625, -0.5390625, -0.5], 0.00625)
(75, 'soldier'): ([-0.6640625, -0.65625, -0.6015625, -0.4453125, -0.6328125, -0.6328125], 0.00625)
(187, 'GOT-10k_Val_000088'): ([-0.9296875, -0.921875, -0.8125, -0.8984375, -0.828125, -0.8984375], 0.00625)
(197, 'GOT-10k_Val_000098'): ([-0.7421875, -0.796875, -0.8984375, -0.9140625, -0.7578125, -0.71875], 0.0046875)
(133, 'GOT-10k_Val_000034'): ([-0.828125, -0.7578125, -0.7578125, -0.765625, -0.7890625, -0.8046875], 0.0046875)
(13, 'hand2'): ([-0.9765625, -0.9921875, -0.9140625, -0.9921875, -0.9375, -0.953125], 0.0046875)
(120, 'GOT-10k_Val_000021'): ([-1.0, -0.984375, -1.0, -0.9921875, -0.9765625, -0.9765625], 0.0046875)
(92, 'hand02'): ([-1.0, -1.0, -1.0, -1.0, -0.984375, -0.9765625], 0.0046875)
(213, 'GOT-10k_Val_000114'): ([0.984375, 1.0, 1.0, 1.0, 1.0, 1.0], 0.003125)
(177, 'GOT-10k_Val_000078'): ([-0.8671875, -0.8984375, -0.8671875, -0.890625, -0.7734375, -0.8515625], 0.003125)
(74, 'soccer2'): ([-0.9453125, -0.9375, -0.9375, -0.9140625, -0.9453125, -0.9296875], 0.003125)
(87, 'frisbee'): ([-0.953125, -1.0, -0.921875, -0.9453125, -0.9140625, -0.9375], 0.003125)
(28, 'birds1'): ([-0.9765625, -0.96875, -0.9765625, -0.9921875, -0.9296875, -0.9609375], 0.003125)
(115, 'GOT-10k_Val_000016'): ([-0.984375, -0.984375, -0.9765625, -0.9765625, -0.953125, -0.96875], 0.003125)
(238, 'GOT-10k_Val_000139'): ([-0.625, -0.5546875, -0.65625, -0.6015625, -0.6953125, -0.6171875], 0.0015625)
(93, 'lamb'): ([-0.7890625, -0.859375, -0.7734375, -0.765625, -0.671875, -0.78125], 0.0015625)
(229, 'GOT-10k_Val_000130'): ([-0.890625, -0.9140625, -0.875, -0.9375, -0.875, -0.8828125], 0.0015625)
(91, 'dribble'): ([-0.9453125, -0.9453125, -0.9296875, -0.953125, -0.953125, -0.9375], 0.0015625)
(158, 'GOT-10k_Val_000059'): ([-0.9921875, -1.0, -1.0, -0.9921875, -0.9765625, -0.984375], 0.0015625)
(154, 'GOT-10k_Val_000055'): ([-1.0, -0.9921875, -1.0, -1.0, -1.0, -0.9921875], 0.0015625)
(263, 'GOT-10k_Val_000164'): ([-1.0, -1.0, -1.0, -1.0, -0.984375, -0.9921875], 0.0015625)
(7, 'drunk'): ([1.0, 1.0, 1.0, 1.0, 1.0, 1.0], 0.0)
(16, 'polarbear'): ([1.0, 1.0, 1.0, 1.0, 1.0, 1.0], 0.0)
(70, 'singer1'): ([1.0, 1.0, 1.0, 1.0, 1.0, 1.0], 0.0)
(71, 'singer2'): ([1.0, 1.0, 1.0, 1.0, 1.0, 1.0], 0.0)
(105, 'GOT-10k_Val_000006'): ([1.0, 1.0, 1.0, 1.0, 1.0, 1.0], 0.0)
(107, 'GOT-10k_Val_000008'): ([1.0, 1.0, 1.0, 1.0, 1.0, 1.0], 0.0)
(138, 'GOT-10k_Val_000039'): ([1.0, 1.0, 1.0, 1.0, 1.0, 1.0], 0.0)
(146, 'GOT-10k_Val_000047'): ([1.0, 1.0, 1.0, 1.0, 1.0, 1.0], 0.0)
(147, 'GOT-10k_Val_000048'): ([1.0, 1.0, 1.0, 1.0, 1.0, 1.0], 0.0)
(150, 'GOT-10k_Val_000051'): ([1.0, 1.0, 1.0, 1.0, 1.0, 1.0], 0.0)
(151, 'GOT-10k_Val_000052'): ([1.0, 1.0, 1.0, 1.0, 1.0, 1.0], 0.0)
(165, 'GOT-10k_Val_000066'): ([1.0, 1.0, 1.0, 1.0, 1.0, 1.0], 0.0)
(167, 'GOT-10k_Val_000068'): ([1.0, 1.0, 1.0, 1.0, 1.0, 1.0], 0.0)
(192, 'GOT-10k_Val_000093'): ([1.0, 1.0, 1.0, 1.0, 1.0, 1.0], 0.0)
(193, 'GOT-10k_Val_000094'): ([1.0, 1.0, 1.0, 1.0, 1.0, 1.0], 0.0)
(201, 'GOT-10k_Val_000102'): ([1.0, 1.0, 1.0, 1.0, 1.0, 1.0], 0.0)
(204, 'GOT-10k_Val_000105'): ([1.0, 1.0, 1.0, 1.0, 1.0, 1.0], 0.0)
(209, 'GOT-10k_Val_000110'): ([1.0, 1.0, 1.0, 1.0, 1.0, 1.0], 0.0)
(215, 'GOT-10k_Val_000116'): ([1.0, 1.0, 1.0, 1.0, 1.0, 1.0], 0.0)
(216, 'GOT-10k_Val_000117'): ([1.0, 1.0, 1.0, 1.0, 1.0, 1.0], 0.0)
(219, 'GOT-10k_Val_000120'): ([1.0, 1.0, 1.0, 1.0, 1.0, 1.0], 0.0)
(221, 'GOT-10k_Val_000122'): ([1.0, 1.0, 1.0, 1.0, 1.0, 1.0], 0.0)
(223, 'GOT-10k_Val_000124'): ([1.0, 1.0, 1.0, 1.0, 1.0, 1.0], 0.0)
(226, 'GOT-10k_Val_000127'): ([1.0, 1.0, 1.0, 1.0, 1.0, 1.0], 0.0)
(242, 'GOT-10k_Val_000143'): ([1.0, 1.0, 1.0, 1.0, 1.0, 1.0], 0.0)
(245, 'GOT-10k_Val_000146'): ([1.0, 1.0, 1.0, 1.0, 1.0, 1.0], 0.0)
(246, 'GOT-10k_Val_000147'): ([1.0, 1.0, 1.0, 1.0, 1.0, 1.0], 0.0)
(262, 'GOT-10k_Val_000163'): ([1.0, 1.0, 1.0, 1.0, 1.0, 1.0], 0.0)
(272, 'GOT-10k_Val_000173'): ([1.0, 1.0, 1.0, 1.0, 1.0, 1.0], 0.0)
(217, 'GOT-10k_Val_000118'): ([1.0, 1.0, 1.0, 1.0, 0.9609375, 1.0], 0.0)
(277, 'GOT-10k_Val_000178'): ([1.0, 0.9453125, 1.0, 0.8203125, 0.9453125, 1.0], 0.0)
(271, 'GOT-10k_Val_000172'): ([-0.6640625, -0.578125, -0.703125, -0.6953125, -0.53125, -0.6640625], 0.0)
(171, 'GOT-10k_Val_000072'): ([-0.671875, -0.6328125, -0.65625, -0.6328125, -0.6796875, -0.671875], 0.0)
(175, 'GOT-10k_Val_000076'): ([-0.796875, -0.7890625, -0.796875, -0.7578125, -0.78125, -0.796875], 0.0)
(230, 'GOT-10k_Val_000131'): ([-0.8828125, -0.9296875, -0.953125, -0.921875, -0.8984375, -0.8828125], 0.0)
(148, 'GOT-10k_Val_000049'): ([-0.90625, -0.953125, -0.8828125, -0.859375, -0.9140625, -0.90625], 0.0)
(254, 'GOT-10k_Val_000155'): ([-0.953125, -0.9453125, -0.9765625, -0.9375, -0.984375, -0.953125], 0.0)
(268, 'GOT-10k_Val_000169'): ([-0.96875, -0.96875, -0.9921875, -0.9765625, -0.96875, -0.96875], 0.0)
(50, 'hand'): ([-0.9765625, -0.9375, -0.9453125, -0.9609375, -0.953125, -0.9765625], 0.0)
(270, 'GOT-10k_Val_000171'): ([-0.984375, -0.96875, -0.984375, -0.9765625, -0.9609375, -0.984375], 0.0)
(276, 'GOT-10k_Val_000177'): ([-1.0, -0.9921875, -1.0, -1.0, -1.0, -1.0], 0.0)
(134, 'GOT-10k_Val_000035'): ([-1.0, -1.0, -0.9921875, -0.9921875, -1.0, -1.0], 0.0)
(155, 'GOT-10k_Val_000056'): ([-1.0, -1.0, -1.0, -1.0, -1.0, -1.0], 0.0)
(195, 'GOT-10k_Val_000096'): ([-1.0, -1.0, -1.0, -1.0, -1.0, -1.0], 0.0)
(21, 'torus'): ([-0.1328125, 0.0078125, -0.3671875, -0.3203125, -0.1171875, -0.140625], -0.0015625)
(174, 'GOT-10k_Val_000075'): ([-0.8671875, -0.8984375, -0.9375, -0.875, -0.859375, -0.875], -0.0015625)
(35, 'butterfly'): ([-0.90625, -0.9453125, -0.9296875, -0.9296875, -0.9140625, -0.9140625], -0.0015625)
(257, 'GOT-10k_Val_000158'): ([-0.953125, -0.9375, -0.984375, -1.0, -0.9609375, -0.9609375], -0.0015625)
(56, 'leaves'): ([-0.984375, -0.953125, -1.0, -1.0, -1.0, -0.9921875], -0.0015625)
(89, 'agility'): ([-0.984375, -0.9765625, -0.9921875, -0.9921875, -0.984375, -0.9921875], -0.0015625)
(243, 'GOT-10k_Val_000144'): ([-0.6015625, -0.6015625, -0.703125, -0.6796875, -0.671875, -0.6171875], -0.003125)
(202, 'GOT-10k_Val_000103'): ([-0.8046875, -0.8125, -0.8515625, -0.78125, -0.7734375, -0.8203125], -0.003125)
(65, 'rabbit'): ([-0.9140625, -0.9140625, -0.9609375, -0.953125, -0.9453125, -0.9296875], -0.003125)
(228, 'GOT-10k_Val_000129'): ([-0.921875, -0.8515625, -0.890625, -0.9375, -0.921875, -0.9375], -0.003125)
(222, 'GOT-10k_Val_000123'): ([-0.9375, -0.890625, -0.921875, -0.9453125, -0.8984375, -0.953125], -0.003125)
(119, 'GOT-10k_Val_000020'): ([-0.9765625, -0.984375, -1.0, -0.9921875, -1.0, -0.9921875], -0.003125)
(77, 'traffic'): ([0.4375, 0.4609375, 0.546875, 0.7421875, 0.6015625, 0.4140625], -0.0046875)
(69, 'sheep'): ([0.3046875, 0.5234375, 0.3984375, 0.265625, 0.3515625, 0.28125], -0.0046875)
(196, 'GOT-10k_Val_000097'): ([0.2265625, 0.2109375, 0.0625, 0.2890625, 0.2578125, 0.203125], -0.0046875)
(278, 'GOT-10k_Val_000179'): ([-0.484375, -0.6328125, -0.6875, -0.6171875, -0.5625, -0.5078125], -0.0046875)
(169, 'GOT-10k_Val_000070'): ([-0.9609375, -0.984375, -1.0, -0.9921875, -0.984375, -0.984375], -0.0046875)
(279, 'GOT-10k_Val_000180'): ([1.0, 1.0, 1.0, 0.9921875, 1.0, 0.96875], -0.00625)
(104, 'GOT-10k_Val_000005'): ([-0.2109375, -0.296875, -0.4140625, -0.2890625, -0.21875, -0.2421875], -0.00625)
(190, 'GOT-10k_Val_000091'): ([-0.40625, -0.296875, -0.3203125, -0.2890625, -0.40625, -0.4375], -0.00625)
(98, 'rowing'): ([-0.96875, -0.9765625, -0.984375, -0.984375, -1.0, -1.0], -0.00625)
(85, 'drone1'): ([-0.9609375, -0.9375, -0.9609375, -0.9765625, -0.9765625, -1.0], -0.0078125)
(180, 'GOT-10k_Val_000081'): ([-0.3203125, -0.5234375, -0.3984375, -0.390625, -0.3046875, -0.3671875], -0.009375)
(82, 'crabs1'): ([-0.7421875, -0.71875, -0.75, -0.703125, -0.6953125, -0.7890625], -0.009375)
(84, 'drone_flip'): ([-0.953125, -0.953125, -1.0, -1.0, -1.0, -1.0], -0.009375)
(259, 'GOT-10k_Val_000160'): ([-0.734375, -0.71875, -0.6875, -0.6796875, -0.7578125, -0.796875], -0.0125)
(152, 'GOT-10k_Val_000053'): ([-0.734375, -0.8125, -0.8203125, -0.828125, -0.78125, -0.796875], -0.0125)
(112, 'GOT-10k_Val_000013'): ([-0.9140625, -0.9453125, -0.9453125, -0.9375, -0.8984375, -0.9765625], -0.0125)
(260, 'GOT-10k_Val_000161'): ([-0.7265625, -0.71875, -0.875, -0.875, -0.7578125, -0.796875], -0.0140625)
(240, 'GOT-10k_Val_000141'): ([-0.75, -0.7421875, -0.7109375, -0.7734375, -0.71875, -0.8203125], -0.0140625)
(103, 'GOT-10k_Val_000004'): ([-0.9296875, -0.875, -1.0, -1.0, -1.0, -1.0], -0.0140625)
(47, 'gymnastics2'): ([-0.4296875, -0.3828125, -0.3828125, -0.3125, -0.6171875, -0.53125], -0.0203125)
(231, 'GOT-10k_Val_000132'): ([-0.4609375, -0.5390625, -0.40625, -0.28125, -0.5234375, -0.5625], -0.0203125)
(248, 'GOT-10k_Val_000149'): ([-0.6484375, -0.71875, -0.6015625, -0.6328125, -0.6796875, -0.75], -0.0203125)
(214, 'GOT-10k_Val_000115'): ([-0.6328125, -0.75, -0.7734375, -0.7421875, -0.734375, -0.7421875], -0.021875)
(55, 'iceskater2'): ([0.1796875, 0.109375, 0.078125, 0.046875, -0.171875, 0.0625], -0.0234375)
(66, 'racing'): ([-0.0859375, -0.0703125, -0.140625, -0.28125, -0.09375, -0.203125], -0.0234375)
(188, 'GOT-10k_Val_000089'): ([0.4609375, 0.5625, 0.21875, 0.375, 0.4140625, 0.3359375], -0.025)
(220, 'GOT-10k_Val_000121'): ([1.0, 1.0, 0.703125, 0.75, 0.9921875, 0.8671875], -0.0265625)
(81, 'conduction1'): ([-0.09375, -0.0234375, -0.4140625, -0.296875, -0.2734375, -0.2421875], -0.0296875)
(206, 'GOT-10k_Val_000107'): ([1.0, 1.0, 0.140625, 0.2265625, 0.7890625, 0.84375], -0.03125)
(205, 'GOT-10k_Val_000106'): ([0.75, 0.6953125, 0.3828125, 0.5078125, 0.609375, 0.59375], -0.03125)
(111, 'GOT-10k_Val_000012'): ([0.328125, 0.171875, 0.1015625, 0.1640625, 0.09375, 0.1640625], -0.0328125)
(83, 'drone_across'): ([-0.6640625, -0.65625, -0.875, -0.90625, -0.8046875, -0.828125], -0.0328125)
(250, 'GOT-10k_Val_000151'): ([-0.0859375, 0.140625, 0.078125, -0.03125, -0.2265625, -0.28125], -0.0390625)
(239, 'GOT-10k_Val_000140'): ([-0.2734375, -0.140625, -0.4609375, -0.234375, -0.5078125, -0.4765625], -0.040625)
(163, 'GOT-10k_Val_000064'): ([0.0078125, -0.0390625, -0.3671875, -0.34375, -0.3984375, -0.390625], -0.0796875)
(108, 'GOT-10k_Val_000009'): ([-0.1953125, -0.1015625, -0.484375, -0.5546875, -0.59375, -0.6015625], -0.08125)
(210, 'GOT-10k_Val_000111'): ([0.1953125, 0.4765625, -0.3984375, -0.5234375, -0.40625, -0.375], -0.1140625)
(189, 'GOT-10k_Val_000090'): ([0.5, 0.9765625, 0.015625, 0.296875, -0.5, -0.375], -0.175)
